33333333333333333333333333333333333333333333333333333333333333333333333333
33333333333333333333333333333333333333333333333333333333333333333333333333
33444444444444444444444444444444444444444444444444444444444444444444444433
33433333333333333333333333333333333333331333333333333333331333333333333433
33433332333333333233333333332333333333323333333333333333332333333333333433
33433333333333333233333333333333333333333333333333233333322333333333333433
33433335553533333333333333332333333333323333333333333353333333333332133433
33433333335333333533333332333333333333333333332333333333555333333332333433
33433332333333233333353333333333323333333333333333333333333333333322333433
33433332333333333333333333333333333333333333333333333333333333333333333433
33444444444444444444444444444444444444444444444444444444444443333333333433
33433333233333333333333333333333333333333333333332333333333333333333333433
33433332123333333332333333333333333333333323333333333333333333333532333433
33433333233333333333333333333333333333333333333333333333333322335533233433
33433333333333333333333333533323333333333333333333333333333333333333333433
33433333333333555555533333333333333353333333333322333333333333333333333433
33423333323333335533333333333323333333333333333333333333333335323313333433
33433333333333333333333333333333333533333333333333333323333335333333333433
33433333333333333333333333333333333333333333353333333333333333333333333433
33433233333334444444444444444444444444444444444444444444444444444444444433
33433333333333333333333333333333333333333333333353333332233333333333333433
33433333323333333333332233333333323333333353333333333333333333333333333433
33433333333333333333332333333333333333332333333355333332333323333533333433
33433233333332333333333333335533333333333333333333333333333333335333333433
33433123335333555533333333323233352333333332333533333333333331355533333433
33433333333333335333333333333133333333333333333333233333333223333333333433
33433233333333233333332333333333333333333333333333333333333333333333333433
33444444444444444444444444444444444444444444444444444444444444444444444433
33333333333333333333333333333333333333333333333333333333333333333333333333
33333333333333333333333333333333333333333333333333333333333333333333333333
